91441953923
89327381813
12385589233
62151888150
83706214514
36779162378
58791877245
31944266003
54439176937
79549781285
17066426144
22206895933
71828664281
51482398304
66152231193
90994793428
77318465911
10254791570
46686076292
98453319726
16484911842
23700301735
35935327729
34101843502
11091440948
22538014394
47230718800
88843237396
75025343025
74826650880
93785094626
98695300507
57687446386
60045056599
16758484208
45273040013
14595652641
55402230986
89753505275
56853266704
80189359072
83929157439
48675330640
87600487992
20174491096
84152031064
91803221509
60487447673
66342046552
46968625652
85450983478
49220920239
38746733647
74919007928
92839169924
51364908800
38431886238
17134062901
48460146131
39259897935
91232744233
80122554111
51981269867
24855271095
43759678192
69709918703
57281099098
64131969823
91297415625
11561457502
64976052973
94690722292
98213486155
49503167818
11537761608
77688191351
86340344056
21282561933
52776110497
33436017220
99951357966
41728706060
36241909275
87992541633
91932539919
89224210748
14412153872
77961924054
60183662393
63611796122
95339630574
31404137897
77938306911
51076777339
90238390827
93197658593
37644322286
21330674134
43443333458
27486596307
89077343936
19355067716
34101684585
93081485060
76254036315
13150077335
45323085083
84013078926
17134097532
90660135944
37116167203
70163199451
69541327551
18909357673
35026710430
87415728680
50831278100
73039527286
47219841231
95009718260
85543982903
91842475913
27581772080
81160490409
89249680292
59547353034
38645056829
84006994228
82788259606
60544471678
92192804160
94933052406
33052273409
39759417392
57433761057
80762760756
36568476616
92152673226
85167514988
82649148159
34181168275
18096695981
77462327301
49542291578
90427234681
62299183999
88754174168
48284421328
45181445608
54428069838
38672418074
15688534937
25957615571
69026923212
62151228135
49277089230
30764095000
55264622942
31059783547
68639788438
75215871357
13155329901
89960442068
71333265563
61458348616
24429637602
16748207516
42593544063
69686269326
83926822900
15118158033
32677854623
29616311808
81488833537
71601160798
79013241830
64640030301
70614386873
95339156445
98720948202
34355978074
17877178216
23334168466
61476017745
26427075593
91805678987
89204260935
12606501102
83704564379
63843531411
39748815654
51638146092
34813766072
63360170863
70330055914
70887904347
28592828611
28383768193
26288214280
50831227834
92555351243
81442029360
90795909054
58723966609
52442296473
58561588969
30558661699
67921653940
50481774150
79580685874
72433980286
66313129394
32015012776
59915837477
55392769109
17397470207
46328702418
47651789830
62273160636
11631057382
98055177756
29740880316
13092372328
47609671843
65590267586
77708398753
10120479164
99395311487
30150701609
17422479780
80817999917
21125098423
83570212332
95056916963
47300602436
45552439748
23836605361
81837639655
15393710934
11063773739
34334848798
20650177308
50659370115
61647738378
25799861611
73626402213
31972921679
42810042805
70747589487
56580280959
54621840909
39425584551
76639912121
57479174947
85566417453
69023885103
41882921074
89909165962
81810827477
76303269412
42858860382
27932865031
28651211742
41703399116
53907024090
42295257547
20620167789
19346260370
41797909502
17586732636
98025510353
24430193291
63582515066
77477493472
61368893939
62586114897
11908057842
93757754867
88097647279
14636051265
84714176085
95128548300
22311928934
37595760713
74955642810
16211262804
54403705679
52258296707
69207553864
17614453321
48259259857
99234952988
69217099379
95351248565
89215391483
26118189317
50372564618
72995109481
92343095887
18361883360
71439552014
85064442052
23311807448
16696781522
38791782030
17626360113
22091500473
20133420124
91859681497
99109048392
87461991264
26868245442
22895952357
90934089048
88581349906
80897920023
93830698571
45769785783
45285826677
28598150367
44963775405
56867741979
85031124757
18108465052
14388224480
39602001918
26674177232
67490062015
19914843077
37560009908
96307169984
29743638041
36326423712
69587701667
11967218889
92137663469
41414885933
62473469521
60466854887
87230721796
26532683540
42821622162
35411049002
20005610693
65651725238
66481090381
57848237709
83268559997
58194312288
25856712403
65023277860
21687244563
30991579401
14782164837
33060465757
84585619224
53069020046
79037496011
86454105800
36020701188
83580718573
89484757391
77681127955
40296920353
38477344284
39538621041
21782900872
94940726062
31037745745
73777833739
90383882136
68391903217
24542595804
17771851175
15619354115
61424727910
19846899622
91824613847
67294672448
92769518259
30626327025
67863001729
37925394931
45884594895
42981404710
95887318687
47198324112
20306048977
57725852091
28914596340
24427424371
14671876681
13619791980
50337631933
17697291429
65756392814
56804151908
70755067007
57782793610
62448849401
38000940548
56110629070
86756494265
42811226062
34175742445
31784316923
99411045066
94212047347
60870218154
78267598704
10274226221
67618026185
17721392462
67801854317
50656983408
18908423878
23433941600
22568703628
25434504230
60102738532
92873808143
75564333655
84769350379
52886411313
39139028237
90297320115
97275333249
92714131494
95660982955
13282324402
76385563636
55083894284
74748575499
50482062428
93787200356
19525910837
23625775921
60086456615
36445077329
51957918464
16350177963
13439130483
19362904347
61962457638
46671501983
41343129996
79530236032
56296258177
65335274562
96476131146
15199507855
74627773657
80236438792
64890576601
76019846035
95300167746
44041941438
51863867460
95412760426
67660385252
92076244075
76139328678
21352768898
72875800440
78558369495
72898980006
37182926011
54224399288
22782122861
17352224186
88785833252
91898791721
10607773767
31530038971
10479977732
41065915503
56594039678
29818519124
68030697051
16409895423
83732918493
48019950841
10821328264
42187502628
93291057902
29199137803
37352304796
62138185293
92470949300
54244373372
27340033929
75195948279
38462817406
28819795686
85776693218
48907716274
23023072125
80824444339
63053842999
29406390509
